map update id 51 key 0 0 00 00 value 192 168 56 106 192 168 56 1 00 00 00 00 00 00 00 00 00 00 00 00 00 00 00 00 10 0 39 0 0 0 00 00 
map update id 51 key 1 0 00 00 value 192 168 56 106 192 168 56 1 00 00 00 00 00 00 00 00 00 00 00 00 00 00 00 00 10 0 39 0 0 1 00 00 
map update id 51 key 2 0 00 00 value 192 168 56 106 192 168 56 1 00 00 00 00 00 00 00 00 00 00 00 00 00 00 00 00 10 0 39 0 0 0 00 00 
map update id 51 key 3 0 00 00 value 192 168 56 106 192 168 56 1 00 00 00 00 00 00 00 00 00 00 00 00 00 00 00 00 10 0 39 0 0 1 00 00 
map update id 51 key 4 0 00 00 value 192 168 56 106 192 168 56 1 00 00 00 00 00 00 00 00 00 00 00 00 00 00 00 00 10 0 39 0 0 0 00 00 
map update id 51 key 5 0 00 00 value 192 168 56 106 192 168 56 1 00 00 00 00 00 00 00 00 00 00 00 00 00 00 00 00 10 0 39 0 0 1 00 00 
map update id 51 key 6 0 00 00 value 192 168 56 106 192 168 56 1 00 00 00 00 00 00 00 00 00 00 00 00 00 00 00 00 10 0 39 0 0 0 00 00 
map update id 51 key 7 0 00 00 value 192 168 56 106 192 168 56 1 00 00 00 00 00 00 00 00 00 00 00 00 00 00 00 00 10 0 39 0 0 1 00 00 
map update id 51 key 8 0 00 00 value 192 168 56 106 192 168 56 1 00 00 00 00 00 00 00 00 00 00 00 00 00 00 00 00 10 0 39 0 0 0 00 00 
map update id 51 key 9 0 00 00 value 192 168 56 106 192 168 56 1 00 00 00 00 00 00 00 00 00 00 00 00 00 00 00 00 10 0 39 0 0 1 00 00 
map update id 51 key 10 0 00 00 value 192 168 56 106 192 168 56 1 00 00 00 00 00 00 00 00 00 00 00 00 00 00 00 00 10 0 39 0 0 0 00 00 
map update id 51 key 11 0 00 00 value 192 168 56 106 192 168 56 1 00 00 00 00 00 00 00 00 00 00 00 00 00 00 00 00 10 0 39 0 0 1 00 00 
map update id 51 key 12 0 00 00 value 192 168 56 106 192 168 56 1 00 00 00 00 00 00 00 00 00 00 00 00 00 00 00 00 10 0 39 0 0 0 00 00 
map update id 51 key 13 0 00 00 value 192 168 56 106 192 168 56 1 00 00 00 00 00 00 00 00 00 00 00 00 00 00 00 00 10 0 39 0 0 1 00 00 
map update id 51 key 14 0 00 00 value 192 168 56 106 192 168 56 1 00 00 00 00 00 00 00 00 00 00 00 00 00 00 00 00 10 0 39 0 0 0 00 00 
map update id 51 key 15 0 00 00 value 192 168 56 106 192 168 56 1 00 00 00 00 00 00 00 00 00 00 00 00 00 00 00 00 10 0 39 0 0 1 00 00 
map update id 51 key 16 0 00 00 value 192 168 56 106 192 168 56 1 00 00 00 00 00 00 00 00 00 00 00 00 00 00 00 00 10 0 39 0 0 0 00 00 
map update id 51 key 17 0 00 00 value 192 168 56 106 192 168 56 1 00 00 00 00 00 00 00 00 00 00 00 00 00 00 00 00 10 0 39 0 0 1 00 00 
map update id 51 key 18 0 00 00 value 192 168 56 106 192 168 56 1 00 00 00 00 00 00 00 00 00 00 00 00 00 00 00 00 10 0 39 0 0 0 00 00 
map update id 51 key 19 0 00 00 value 192 168 56 106 192 168 56 1 00 00 00 00 00 00 00 00 00 00 00 00 00 00 00 00 10 0 39 0 0 1 00 00 
map update id 51 key 20 0 00 00 value 192 168 56 106 192 168 56 1 00 00 00 00 00 00 00 00 00 00 00 00 00 00 00 00 10 0 39 0 0 0 00 00 
map update id 51 key 21 0 00 00 value 192 168 56 106 192 168 56 1 00 00 00 00 00 00 00 00 00 00 00 00 00 00 00 00 10 0 39 0 0 1 00 00 
map update id 51 key 22 0 00 00 value 192 168 56 106 192 168 56 1 00 00 00 00 00 00 00 00 00 00 00 00 00 00 00 00 10 0 39 0 0 0 00 00 
map update id 51 key 23 0 00 00 value 192 168 56 106 192 168 56 1 00 00 00 00 00 00 00 00 00 00 00 00 00 00 00 00 10 0 39 0 0 1 00 00 
map update id 51 key 24 0 00 00 value 192 168 56 106 192 168 56 1 00 00 00 00 00 00 00 00 00 00 00 00 00 00 00 00 10 0 39 0 0 0 00 00 
map update id 51 key 25 0 00 00 value 192 168 56 106 192 168 56 1 00 00 00 00 00 00 00 00 00 00 00 00 00 00 00 00 10 0 39 0 0 1 00 00 
map update id 51 key 26 0 00 00 value 192 168 56 106 192 168 56 1 00 00 00 00 00 00 00 00 00 00 00 00 00 00 00 00 10 0 39 0 0 0 00 00 
map update id 51 key 27 0 00 00 value 192 168 56 106 192 168 56 1 00 00 00 00 00 00 00 00 00 00 00 00 00 00 00 00 10 0 39 0 0 1 00 00 
map update id 51 key 28 0 00 00 value 192 168 56 106 192 168 56 1 00 00 00 00 00 00 00 00 00 00 00 00 00 00 00 00 10 0 39 0 0 0 00 00 
map update id 51 key 29 0 00 00 value 192 168 56 106 192 168 56 1 00 00 00 00 00 00 00 00 00 00 00 00 00 00 00 00 10 0 39 0 0 1 00 00 
map update id 51 key 30 0 00 00 value 192 168 56 106 192 168 56 1 00 00 00 00 00 00 00 00 00 00 00 00 00 00 00 00 10 0 39 0 0 0 00 00 
map update id 51 key 31 0 00 00 value 192 168 56 106 192 168 56 1 00 00 00 00 00 00 00 00 00 00 00 00 00 00 00 00 10 0 39 0 0 1 00 00 
map update id 51 key 32 0 00 00 value 192 168 56 106 192 168 56 1 00 00 00 00 00 00 00 00 00 00 00 00 00 00 00 00 10 0 39 0 0 0 00 00 
map update id 51 key 33 0 00 00 value 192 168 56 106 192 168 56 1 00 00 00 00 00 00 00 00 00 00 00 00 00 00 00 00 10 0 39 0 0 1 00 00 
map update id 51 key 34 0 00 00 value 192 168 56 106 192 168 56 1 00 00 00 00 00 00 00 00 00 00 00 00 00 00 00 00 10 0 39 0 0 0 00 00 
map update id 51 key 35 0 00 00 value 192 168 56 106 192 168 56 1 00 00 00 00 00 00 00 00 00 00 00 00 00 00 00 00 10 0 39 0 0 1 00 00 
map update id 51 key 36 0 00 00 value 192 168 56 106 192 168 56 1 00 00 00 00 00 00 00 00 00 00 00 00 00 00 00 00 10 0 39 0 0 0 00 00 
map update id 51 key 37 0 00 00 value 192 168 56 106 192 168 56 1 00 00 00 00 00 00 00 00 00 00 00 00 00 00 00 00 10 0 39 0 0 1 00 00 
map update id 51 key 38 0 00 00 value 192 168 56 106 192 168 56 1 00 00 00 00 00 00 00 00 00 00 00 00 00 00 00 00 10 0 39 0 0 0 00 00 
map update id 51 key 39 0 00 00 value 192 168 56 106 192 168 56 1 00 00 00 00 00 00 00 00 00 00 00 00 00 00 00 00 10 0 39 0 0 1 00 00 
map update id 51 key 40 0 00 00 value 192 168 56 106 192 168 56 1 00 00 00 00 00 00 00 00 00 00 00 00 00 00 00 00 10 0 39 0 0 0 00 00 
map update id 51 key 41 0 00 00 value 192 168 56 106 192 168 56 1 00 00 00 00 00 00 00 00 00 00 00 00 00 00 00 00 10 0 39 0 0 1 00 00 
map update id 51 key 42 0 00 00 value 192 168 56 106 192 168 56 1 00 00 00 00 00 00 00 00 00 00 00 00 00 00 00 00 10 0 39 0 0 0 00 00 
map update id 51 key 43 0 00 00 value 192 168 56 106 192 168 56 1 00 00 00 00 00 00 00 00 00 00 00 00 00 00 00 00 10 0 39 0 0 1 00 00 
map update id 51 key 44 0 00 00 value 192 168 56 106 192 168 56 1 00 00 00 00 00 00 00 00 00 00 00 00 00 00 00 00 10 0 39 0 0 0 00 00 
map update id 51 key 45 0 00 00 value 192 168 56 106 192 168 56 1 00 00 00 00 00 00 00 00 00 00 00 00 00 00 00 00 10 0 39 0 0 1 00 00 
map update id 51 key 46 0 00 00 value 192 168 56 106 192 168 56 1 00 00 00 00 00 00 00 00 00 00 00 00 00 00 00 00 10 0 39 0 0 0 00 00 
map update id 51 key 47 0 00 00 value 192 168 56 106 192 168 56 1 00 00 00 00 00 00 00 00 00 00 00 00 00 00 00 00 10 0 39 0 0 1 00 00 
map update id 51 key 48 0 00 00 value 192 168 56 106 192 168 56 1 00 00 00 00 00 00 00 00 00 00 00 00 00 00 00 00 10 0 39 0 0 0 00 00 
map update id 51 key 49 0 00 00 value 192 168 56 106 192 168 56 1 00 00 00 00 00 00 00 00 00 00 00 00 00 00 00 00 10 0 39 0 0 1 00 00 
map update id 51 key 50 0 00 00 value 192 168 56 106 192 168 56 1 00 00 00 00 00 00 00 00 00 00 00 00 00 00 00 00 10 0 39 0 0 0 00 00 
map update id 51 key 51 0 00 00 value 192 168 56 106 192 168 56 1 00 00 00 00 00 00 00 00 00 00 00 00 00 00 00 00 10 0 39 0 0 1 00 00 
map update id 51 key 52 0 00 00 value 192 168 56 106 192 168 56 1 00 00 00 00 00 00 00 00 00 00 00 00 00 00 00 00 10 0 39 0 0 0 00 00 
map update id 51 key 53 0 00 00 value 192 168 56 106 192 168 56 1 00 00 00 00 00 00 00 00 00 00 00 00 00 00 00 00 10 0 39 0 0 1 00 00 
map update id 51 key 54 0 00 00 value 192 168 56 106 192 168 56 1 00 00 00 00 00 00 00 00 00 00 00 00 00 00 00 00 10 0 39 0 0 0 00 00 
map update id 51 key 55 0 00 00 value 192 168 56 106 192 168 56 1 00 00 00 00 00 00 00 00 00 00 00 00 00 00 00 00 10 0 39 0 0 1 00 00 
map update id 51 key 56 0 00 00 value 192 168 56 106 192 168 56 1 00 00 00 00 00 00 00 00 00 00 00 00 00 00 00 00 10 0 39 0 0 0 00 00 
map update id 51 key 57 0 00 00 value 192 168 56 106 192 168 56 1 00 00 00 00 00 00 00 00 00 00 00 00 00 00 00 00 10 0 39 0 0 1 00 00 
map update id 51 key 58 0 00 00 value 192 168 56 106 192 168 56 1 00 00 00 00 00 00 00 00 00 00 00 00 00 00 00 00 10 0 39 0 0 0 00 00 
map update id 51 key 59 0 00 00 value 192 168 56 106 192 168 56 1 00 00 00 00 00 00 00 00 00 00 00 00 00 00 00 00 10 0 39 0 0 1 00 00 
map update id 51 key 60 0 00 00 value 192 168 56 106 192 168 56 1 00 00 00 00 00 00 00 00 00 00 00 00 00 00 00 00 10 0 39 0 0 0 00 00 
map update id 51 key 61 0 00 00 value 192 168 56 106 192 168 56 1 00 00 00 00 00 00 00 00 00 00 00 00 00 00 00 00 10 0 39 0 0 1 00 00 
map update id 51 key 62 0 00 00 value 192 168 56 106 192 168 56 1 00 00 00 00 00 00 00 00 00 00 00 00 00 00 00 00 10 0 39 0 0 0 00 00 
map update id 51 key 63 0 00 00 value 192 168 56 106 192 168 56 1 00 00 00 00 00 00 00 00 00 00 00 00 00 00 00 00 10 0 39 0 0 1 00 00 
map update id 51 key 64 0 00 00 value 192 168 56 106 192 168 56 1 00 00 00 00 00 00 00 00 00 00 00 00 00 00 00 00 10 0 39 0 0 0 00 00 
map update id 51 key 65 0 00 00 value 192 168 56 106 192 168 56 1 00 00 00 00 00 00 00 00 00 00 00 00 00 00 00 00 10 0 39 0 0 1 00 00 
map update id 51 key 66 0 00 00 value 192 168 56 106 192 168 56 1 00 00 00 00 00 00 00 00 00 00 00 00 00 00 00 00 10 0 39 0 0 0 00 00 
map update id 51 key 67 0 00 00 value 192 168 56 106 192 168 56 1 00 00 00 00 00 00 00 00 00 00 00 00 00 00 00 00 10 0 39 0 0 1 00 00 
map update id 51 key 68 0 00 00 value 192 168 56 106 192 168 56 1 00 00 00 00 00 00 00 00 00 00 00 00 00 00 00 00 10 0 39 0 0 0 00 00 
map update id 51 key 69 0 00 00 value 192 168 56 106 192 168 56 1 00 00 00 00 00 00 00 00 00 00 00 00 00 00 00 00 10 0 39 0 0 1 00 00 
map update id 51 key 70 0 00 00 value 192 168 56 106 192 168 56 1 00 00 00 00 00 00 00 00 00 00 00 00 00 00 00 00 10 0 39 0 0 0 00 00 
map update id 51 key 71 0 00 00 value 192 168 56 106 192 168 56 1 00 00 00 00 00 00 00 00 00 00 00 00 00 00 00 00 10 0 39 0 0 1 00 00 
map update id 51 key 72 0 00 00 value 192 168 56 106 192 168 56 1 00 00 00 00 00 00 00 00 00 00 00 00 00 00 00 00 10 0 39 0 0 0 00 00 
map update id 51 key 73 0 00 00 value 192 168 56 106 192 168 56 1 00 00 00 00 00 00 00 00 00 00 00 00 00 00 00 00 10 0 39 0 0 1 00 00 
map update id 51 key 74 0 00 00 value 192 168 56 106 192 168 56 1 00 00 00 00 00 00 00 00 00 00 00 00 00 00 00 00 10 0 39 0 0 0 00 00 
map update id 51 key 75 0 00 00 value 192 168 56 106 192 168 56 1 00 00 00 00 00 00 00 00 00 00 00 00 00 00 00 00 10 0 39 0 0 1 00 00 
map update id 51 key 76 0 00 00 value 192 168 56 106 192 168 56 1 00 00 00 00 00 00 00 00 00 00 00 00 00 00 00 00 10 0 39 0 0 0 00 00 
map update id 51 key 77 0 00 00 value 192 168 56 106 192 168 56 1 00 00 00 00 00 00 00 00 00 00 00 00 00 00 00 00 10 0 39 0 0 1 00 00 
map update id 51 key 78 0 00 00 value 192 168 56 106 192 168 56 1 00 00 00 00 00 00 00 00 00 00 00 00 00 00 00 00 10 0 39 0 0 0 00 00 
map update id 51 key 79 0 00 00 value 192 168 56 106 192 168 56 1 00 00 00 00 00 00 00 00 00 00 00 00 00 00 00 00 10 0 39 0 0 1 00 00 
map update id 51 key 80 0 00 00 value 192 168 56 106 192 168 56 1 00 00 00 00 00 00 00 00 00 00 00 00 00 00 00 00 10 0 39 0 0 0 00 00 
map update id 51 key 81 0 00 00 value 192 168 56 106 192 168 56 1 00 00 00 00 00 00 00 00 00 00 00 00 00 00 00 00 10 0 39 0 0 1 00 00 
map update id 51 key 82 0 00 00 value 192 168 56 106 192 168 56 1 00 00 00 00 00 00 00 00 00 00 00 00 00 00 00 00 10 0 39 0 0 0 00 00 
map update id 51 key 83 0 00 00 value 192 168 56 106 192 168 56 1 00 00 00 00 00 00 00 00 00 00 00 00 00 00 00 00 10 0 39 0 0 1 00 00 
map update id 51 key 84 0 00 00 value 192 168 56 106 192 168 56 1 00 00 00 00 00 00 00 00 00 00 00 00 00 00 00 00 10 0 39 0 0 0 00 00 
map update id 51 key 85 0 00 00 value 192 168 56 106 192 168 56 1 00 00 00 00 00 00 00 00 00 00 00 00 00 00 00 00 10 0 39 0 0 1 00 00 
map update id 51 key 86 0 00 00 value 192 168 56 106 192 168 56 1 00 00 00 00 00 00 00 00 00 00 00 00 00 00 00 00 10 0 39 0 0 0 00 00 
map update id 51 key 87 0 00 00 value 192 168 56 106 192 168 56 1 00 00 00 00 00 00 00 00 00 00 00 00 00 00 00 00 10 0 39 0 0 1 00 00 
map update id 51 key 88 0 00 00 value 192 168 56 106 192 168 56 1 00 00 00 00 00 00 00 00 00 00 00 00 00 00 00 00 10 0 39 0 0 0 00 00 
map update id 51 key 89 0 00 00 value 192 168 56 106 192 168 56 1 00 00 00 00 00 00 00 00 00 00 00 00 00 00 00 00 10 0 39 0 0 1 00 00 
map update id 51 key 90 0 00 00 value 192 168 56 106 192 168 56 1 00 00 00 00 00 00 00 00 00 00 00 00 00 00 00 00 10 0 39 0 0 0 00 00 
map update id 51 key 91 0 00 00 value 192 168 56 106 192 168 56 1 00 00 00 00 00 00 00 00 00 00 00 00 00 00 00 00 10 0 39 0 0 1 00 00 
map update id 51 key 92 0 00 00 value 192 168 56 106 192 168 56 1 00 00 00 00 00 00 00 00 00 00 00 00 00 00 00 00 10 0 39 0 0 0 00 00 
map update id 51 key 93 0 00 00 value 192 168 56 106 192 168 56 1 00 00 00 00 00 00 00 00 00 00 00 00 00 00 00 00 10 0 39 0 0 1 00 00 
map update id 51 key 94 0 00 00 value 192 168 56 106 192 168 56 1 00 00 00 00 00 00 00 00 00 00 00 00 00 00 00 00 10 0 39 0 0 0 00 00 
map update id 51 key 95 0 00 00 value 192 168 56 106 192 168 56 1 00 00 00 00 00 00 00 00 00 00 00 00 00 00 00 00 10 0 39 0 0 1 00 00 
map update id 51 key 96 0 00 00 value 192 168 56 106 192 168 56 1 00 00 00 00 00 00 00 00 00 00 00 00 00 00 00 00 10 0 39 0 0 0 00 00 
map update id 51 key 97 0 00 00 value 192 168 56 106 192 168 56 1 00 00 00 00 00 00 00 00 00 00 00 00 00 00 00 00 10 0 39 0 0 1 00 00 
map update id 51 key 98 0 00 00 value 192 168 56 106 192 168 56 1 00 00 00 00 00 00 00 00 00 00 00 00 00 00 00 00 10 0 39 0 0 0 00 00 
map update id 51 key 99 0 00 00 value 192 168 56 106 192 168 56 1 00 00 00 00 00 00 00 00 00 00 00 00 00 00 00 00 10 0 39 0 0 1 00 00 
map update id 51 key 100 0 00 00 value 192 168 56 106 192 168 56 1 00 00 00 00 00 00 00 00 00 00 00 00 00 00 00 00 10 0 39 0 0 0 00 00 
map update id 51 key 101 0 00 00 value 192 168 56 106 192 168 56 1 00 00 00 00 00 00 00 00 00 00 00 00 00 00 00 00 10 0 39 0 0 1 00 00 
map update id 51 key 102 0 00 00 value 192 168 56 106 192 168 56 1 00 00 00 00 00 00 00 00 00 00 00 00 00 00 00 00 10 0 39 0 0 0 00 00 
map update id 51 key 103 0 00 00 value 192 168 56 106 192 168 56 1 00 00 00 00 00 00 00 00 00 00 00 00 00 00 00 00 10 0 39 0 0 1 00 00 
map update id 51 key 104 0 00 00 value 192 168 56 106 192 168 56 1 00 00 00 00 00 00 00 00 00 00 00 00 00 00 00 00 10 0 39 0 0 0 00 00 
map update id 51 key 105 0 00 00 value 192 168 56 106 192 168 56 1 00 00 00 00 00 00 00 00 00 00 00 00 00 00 00 00 10 0 39 0 0 1 00 00 
map update id 51 key 106 0 00 00 value 192 168 56 106 192 168 56 1 00 00 00 00 00 00 00 00 00 00 00 00 00 00 00 00 10 0 39 0 0 0 00 00 
map update id 51 key 107 0 00 00 value 192 168 56 106 192 168 56 1 00 00 00 00 00 00 00 00 00 00 00 00 00 00 00 00 10 0 39 0 0 1 00 00 
map update id 51 key 108 0 00 00 value 192 168 56 106 192 168 56 1 00 00 00 00 00 00 00 00 00 00 00 00 00 00 00 00 10 0 39 0 0 0 00 00 
map update id 51 key 109 0 00 00 value 192 168 56 106 192 168 56 1 00 00 00 00 00 00 00 00 00 00 00 00 00 00 00 00 10 0 39 0 0 1 00 00 
map update id 51 key 110 0 00 00 value 192 168 56 106 192 168 56 1 00 00 00 00 00 00 00 00 00 00 00 00 00 00 00 00 10 0 39 0 0 0 00 00 
map update id 51 key 111 0 00 00 value 192 168 56 106 192 168 56 1 00 00 00 00 00 00 00 00 00 00 00 00 00 00 00 00 10 0 39 0 0 1 00 00 
map update id 51 key 112 0 00 00 value 192 168 56 106 192 168 56 1 00 00 00 00 00 00 00 00 00 00 00 00 00 00 00 00 10 0 39 0 0 0 00 00 
map update id 51 key 113 0 00 00 value 192 168 56 106 192 168 56 1 00 00 00 00 00 00 00 00 00 00 00 00 00 00 00 00 10 0 39 0 0 1 00 00 
map update id 51 key 114 0 00 00 value 192 168 56 106 192 168 56 1 00 00 00 00 00 00 00 00 00 00 00 00 00 00 00 00 10 0 39 0 0 0 00 00 
map update id 51 key 115 0 00 00 value 192 168 56 106 192 168 56 1 00 00 00 00 00 00 00 00 00 00 00 00 00 00 00 00 10 0 39 0 0 1 00 00 
map update id 51 key 116 0 00 00 value 192 168 56 106 192 168 56 1 00 00 00 00 00 00 00 00 00 00 00 00 00 00 00 00 10 0 39 0 0 0 00 00 
map update id 51 key 117 0 00 00 value 192 168 56 106 192 168 56 1 00 00 00 00 00 00 00 00 00 00 00 00 00 00 00 00 10 0 39 0 0 1 00 00 
map update id 51 key 118 0 00 00 value 192 168 56 106 192 168 56 1 00 00 00 00 00 00 00 00 00 00 00 00 00 00 00 00 10 0 39 0 0 0 00 00 
map update id 51 key 119 0 00 00 value 192 168 56 106 192 168 56 1 00 00 00 00 00 00 00 00 00 00 00 00 00 00 00 00 10 0 39 0 0 1 00 00 
map update id 51 key 120 0 00 00 value 192 168 56 106 192 168 56 1 00 00 00 00 00 00 00 00 00 00 00 00 00 00 00 00 10 0 39 0 0 0 00 00 
map update id 51 key 121 0 00 00 value 192 168 56 106 192 168 56 1 00 00 00 00 00 00 00 00 00 00 00 00 00 00 00 00 10 0 39 0 0 1 00 00 
map update id 51 key 122 0 00 00 value 192 168 56 106 192 168 56 1 00 00 00 00 00 00 00 00 00 00 00 00 00 00 00 00 10 0 39 0 0 0 00 00 
map update id 51 key 123 0 00 00 value 192 168 56 106 192 168 56 1 00 00 00 00 00 00 00 00 00 00 00 00 00 00 00 00 10 0 39 0 0 1 00 00 
map update id 51 key 124 0 00 00 value 192 168 56 106 192 168 56 1 00 00 00 00 00 00 00 00 00 00 00 00 00 00 00 00 10 0 39 0 0 0 00 00 
map update id 51 key 125 0 00 00 value 192 168 56 106 192 168 56 1 00 00 00 00 00 00 00 00 00 00 00 00 00 00 00 00 10 0 39 0 0 1 00 00 
map update id 51 key 126 0 00 00 value 192 168 56 106 192 168 56 1 00 00 00 00 00 00 00 00 00 00 00 00 00 00 00 00 10 0 39 0 0 0 00 00 
map update id 51 key 127 0 00 00 value 192 168 56 106 192 168 56 1 00 00 00 00 00 00 00 00 00 00 00 00 00 00 00 00 10 0 39 0 0 1 00 00 
map update id 51 key 128 0 00 00 value 192 168 56 106 192 168 56 1 00 00 00 00 00 00 00 00 00 00 00 00 00 00 00 00 10 0 39 0 0 0 00 00 
map update id 51 key 129 0 00 00 value 192 168 56 106 192 168 56 1 00 00 00 00 00 00 00 00 00 00 00 00 00 00 00 00 10 0 39 0 0 1 00 00 
map update id 51 key 130 0 00 00 value 192 168 56 106 192 168 56 1 00 00 00 00 00 00 00 00 00 00 00 00 00 00 00 00 10 0 39 0 0 0 00 00 
map update id 51 key 131 0 00 00 value 192 168 56 106 192 168 56 1 00 00 00 00 00 00 00 00 00 00 00 00 00 00 00 00 10 0 39 0 0 1 00 00 
map update id 51 key 132 0 00 00 value 192 168 56 106 192 168 56 1 00 00 00 00 00 00 00 00 00 00 00 00 00 00 00 00 10 0 39 0 0 0 00 00 
map update id 51 key 133 0 00 00 value 192 168 56 106 192 168 56 1 00 00 00 00 00 00 00 00 00 00 00 00 00 00 00 00 10 0 39 0 0 1 00 00 
map update id 51 key 134 0 00 00 value 192 168 56 106 192 168 56 1 00 00 00 00 00 00 00 00 00 00 00 00 00 00 00 00 10 0 39 0 0 0 00 00 
map update id 51 key 135 0 00 00 value 192 168 56 106 192 168 56 1 00 00 00 00 00 00 00 00 00 00 00 00 00 00 00 00 10 0 39 0 0 1 00 00 
map update id 51 key 136 0 00 00 value 192 168 56 106 192 168 56 1 00 00 00 00 00 00 00 00 00 00 00 00 00 00 00 00 10 0 39 0 0 0 00 00 
map update id 51 key 137 0 00 00 value 192 168 56 106 192 168 56 1 00 00 00 00 00 00 00 00 00 00 00 00 00 00 00 00 10 0 39 0 0 1 00 00 
map update id 51 key 138 0 00 00 value 192 168 56 106 192 168 56 1 00 00 00 00 00 00 00 00 00 00 00 00 00 00 00 00 10 0 39 0 0 0 00 00 
map update id 51 key 139 0 00 00 value 192 168 56 106 192 168 56 1 00 00 00 00 00 00 00 00 00 00 00 00 00 00 00 00 10 0 39 0 0 1 00 00 
map update id 51 key 140 0 00 00 value 192 168 56 106 192 168 56 1 00 00 00 00 00 00 00 00 00 00 00 00 00 00 00 00 10 0 39 0 0 0 00 00 
map update id 51 key 141 0 00 00 value 192 168 56 106 192 168 56 1 00 00 00 00 00 00 00 00 00 00 00 00 00 00 00 00 10 0 39 0 0 1 00 00 
map update id 51 key 142 0 00 00 value 192 168 56 106 192 168 56 1 00 00 00 00 00 00 00 00 00 00 00 00 00 00 00 00 10 0 39 0 0 0 00 00 
map update id 51 key 143 0 00 00 value 192 168 56 106 192 168 56 1 00 00 00 00 00 00 00 00 00 00 00 00 00 00 00 00 10 0 39 0 0 1 00 00 
map update id 51 key 144 0 00 00 value 192 168 56 106 192 168 56 1 00 00 00 00 00 00 00 00 00 00 00 00 00 00 00 00 10 0 39 0 0 0 00 00 
map update id 51 key 145 0 00 00 value 192 168 56 106 192 168 56 1 00 00 00 00 00 00 00 00 00 00 00 00 00 00 00 00 10 0 39 0 0 1 00 00 
map update id 51 key 146 0 00 00 value 192 168 56 106 192 168 56 1 00 00 00 00 00 00 00 00 00 00 00 00 00 00 00 00 10 0 39 0 0 0 00 00 
map update id 51 key 147 0 00 00 value 192 168 56 106 192 168 56 1 00 00 00 00 00 00 00 00 00 00 00 00 00 00 00 00 10 0 39 0 0 1 00 00 
map update id 51 key 148 0 00 00 value 192 168 56 106 192 168 56 1 00 00 00 00 00 00 00 00 00 00 00 00 00 00 00 00 10 0 39 0 0 0 00 00 
map update id 51 key 149 0 00 00 value 192 168 56 106 192 168 56 1 00 00 00 00 00 00 00 00 00 00 00 00 00 00 00 00 10 0 39 0 0 1 00 00 
map update id 51 key 150 0 00 00 value 192 168 56 106 192 168 56 1 00 00 00 00 00 00 00 00 00 00 00 00 00 00 00 00 10 0 39 0 0 0 00 00 
map update id 51 key 151 0 00 00 value 192 168 56 106 192 168 56 1 00 00 00 00 00 00 00 00 00 00 00 00 00 00 00 00 10 0 39 0 0 1 00 00 
map update id 51 key 152 0 00 00 value 192 168 56 106 192 168 56 1 00 00 00 00 00 00 00 00 00 00 00 00 00 00 00 00 10 0 39 0 0 0 00 00 
map update id 51 key 153 0 00 00 value 192 168 56 106 192 168 56 1 00 00 00 00 00 00 00 00 00 00 00 00 00 00 00 00 10 0 39 0 0 1 00 00 
map update id 51 key 154 0 00 00 value 192 168 56 106 192 168 56 1 00 00 00 00 00 00 00 00 00 00 00 00 00 00 00 00 10 0 39 0 0 0 00 00 
map update id 51 key 155 0 00 00 value 192 168 56 106 192 168 56 1 00 00 00 00 00 00 00 00 00 00 00 00 00 00 00 00 10 0 39 0 0 1 00 00 
map update id 51 key 156 0 00 00 value 192 168 56 106 192 168 56 1 00 00 00 00 00 00 00 00 00 00 00 00 00 00 00 00 10 0 39 0 0 0 00 00 
map update id 51 key 157 0 00 00 value 192 168 56 106 192 168 56 1 00 00 00 00 00 00 00 00 00 00 00 00 00 00 00 00 10 0 39 0 0 1 00 00 
map update id 51 key 158 0 00 00 value 192 168 56 106 192 168 56 1 00 00 00 00 00 00 00 00 00 00 00 00 00 00 00 00 10 0 39 0 0 0 00 00 
map update id 51 key 159 0 00 00 value 192 168 56 106 192 168 56 1 00 00 00 00 00 00 00 00 00 00 00 00 00 00 00 00 10 0 39 0 0 1 00 00 
map update id 51 key 160 0 00 00 value 192 168 56 106 192 168 56 1 00 00 00 00 00 00 00 00 00 00 00 00 00 00 00 00 10 0 39 0 0 0 00 00 
map update id 51 key 161 0 00 00 value 192 168 56 106 192 168 56 1 00 00 00 00 00 00 00 00 00 00 00 00 00 00 00 00 10 0 39 0 0 1 00 00 
map update id 51 key 162 0 00 00 value 192 168 56 106 192 168 56 1 00 00 00 00 00 00 00 00 00 00 00 00 00 00 00 00 10 0 39 0 0 0 00 00 
map update id 51 key 163 0 00 00 value 192 168 56 106 192 168 56 1 00 00 00 00 00 00 00 00 00 00 00 00 00 00 00 00 10 0 39 0 0 1 00 00 
map update id 51 key 164 0 00 00 value 192 168 56 106 192 168 56 1 00 00 00 00 00 00 00 00 00 00 00 00 00 00 00 00 10 0 39 0 0 0 00 00 
map update id 51 key 165 0 00 00 value 192 168 56 106 192 168 56 1 00 00 00 00 00 00 00 00 00 00 00 00 00 00 00 00 10 0 39 0 0 1 00 00 
map update id 51 key 166 0 00 00 value 192 168 56 106 192 168 56 1 00 00 00 00 00 00 00 00 00 00 00 00 00 00 00 00 10 0 39 0 0 0 00 00 
map update id 51 key 167 0 00 00 value 192 168 56 106 192 168 56 1 00 00 00 00 00 00 00 00 00 00 00 00 00 00 00 00 10 0 39 0 0 1 00 00 
map update id 51 key 168 0 00 00 value 192 168 56 106 192 168 56 1 00 00 00 00 00 00 00 00 00 00 00 00 00 00 00 00 10 0 39 0 0 0 00 00 
map update id 51 key 169 0 00 00 value 192 168 56 106 192 168 56 1 00 00 00 00 00 00 00 00 00 00 00 00 00 00 00 00 10 0 39 0 0 1 00 00 
map update id 51 key 170 0 00 00 value 192 168 56 106 192 168 56 1 00 00 00 00 00 00 00 00 00 00 00 00 00 00 00 00 10 0 39 0 0 0 00 00 
map update id 51 key 171 0 00 00 value 192 168 56 106 192 168 56 1 00 00 00 00 00 00 00 00 00 00 00 00 00 00 00 00 10 0 39 0 0 1 00 00 
map update id 51 key 172 0 00 00 value 192 168 56 106 192 168 56 1 00 00 00 00 00 00 00 00 00 00 00 00 00 00 00 00 10 0 39 0 0 0 00 00 
map update id 51 key 173 0 00 00 value 192 168 56 106 192 168 56 1 00 00 00 00 00 00 00 00 00 00 00 00 00 00 00 00 10 0 39 0 0 1 00 00 
map update id 51 key 174 0 00 00 value 192 168 56 106 192 168 56 1 00 00 00 00 00 00 00 00 00 00 00 00 00 00 00 00 10 0 39 0 0 0 00 00 
map update id 51 key 175 0 00 00 value 192 168 56 106 192 168 56 1 00 00 00 00 00 00 00 00 00 00 00 00 00 00 00 00 10 0 39 0 0 1 00 00 
map update id 51 key 176 0 00 00 value 192 168 56 106 192 168 56 1 00 00 00 00 00 00 00 00 00 00 00 00 00 00 00 00 10 0 39 0 0 0 00 00 
map update id 51 key 177 0 00 00 value 192 168 56 106 192 168 56 1 00 00 00 00 00 00 00 00 00 00 00 00 00 00 00 00 10 0 39 0 0 1 00 00 
map update id 51 key 178 0 00 00 value 192 168 56 106 192 168 56 1 00 00 00 00 00 00 00 00 00 00 00 00 00 00 00 00 10 0 39 0 0 0 00 00 
map update id 51 key 179 0 00 00 value 192 168 56 106 192 168 56 1 00 00 00 00 00 00 00 00 00 00 00 00 00 00 00 00 10 0 39 0 0 1 00 00 
map update id 51 key 180 0 00 00 value 192 168 56 106 192 168 56 1 00 00 00 00 00 00 00 00 00 00 00 00 00 00 00 00 10 0 39 0 0 0 00 00 
map update id 51 key 181 0 00 00 value 192 168 56 106 192 168 56 1 00 00 00 00 00 00 00 00 00 00 00 00 00 00 00 00 10 0 39 0 0 1 00 00 
map update id 51 key 182 0 00 00 value 192 168 56 106 192 168 56 1 00 00 00 00 00 00 00 00 00 00 00 00 00 00 00 00 10 0 39 0 0 0 00 00 
map update id 51 key 183 0 00 00 value 192 168 56 106 192 168 56 1 00 00 00 00 00 00 00 00 00 00 00 00 00 00 00 00 10 0 39 0 0 1 00 00 
map update id 51 key 184 0 00 00 value 192 168 56 106 192 168 56 1 00 00 00 00 00 00 00 00 00 00 00 00 00 00 00 00 10 0 39 0 0 0 00 00 
map update id 51 key 185 0 00 00 value 192 168 56 106 192 168 56 1 00 00 00 00 00 00 00 00 00 00 00 00 00 00 00 00 10 0 39 0 0 1 00 00 
map update id 51 key 186 0 00 00 value 192 168 56 106 192 168 56 1 00 00 00 00 00 00 00 00 00 00 00 00 00 00 00 00 10 0 39 0 0 0 00 00 
map update id 51 key 187 0 00 00 value 192 168 56 106 192 168 56 1 00 00 00 00 00 00 00 00 00 00 00 00 00 00 00 00 10 0 39 0 0 1 00 00 
map update id 51 key 188 0 00 00 value 192 168 56 106 192 168 56 1 00 00 00 00 00 00 00 00 00 00 00 00 00 00 00 00 10 0 39 0 0 0 00 00 
map update id 51 key 189 0 00 00 value 192 168 56 106 192 168 56 1 00 00 00 00 00 00 00 00 00 00 00 00 00 00 00 00 10 0 39 0 0 1 00 00 
map update id 51 key 190 0 00 00 value 192 168 56 106 192 168 56 1 00 00 00 00 00 00 00 00 00 00 00 00 00 00 00 00 10 0 39 0 0 0 00 00 
map update id 51 key 191 0 00 00 value 192 168 56 106 192 168 56 1 00 00 00 00 00 00 00 00 00 00 00 00 00 00 00 00 10 0 39 0 0 1 00 00 
map update id 51 key 192 0 00 00 value 192 168 56 106 192 168 56 1 00 00 00 00 00 00 00 00 00 00 00 00 00 00 00 00 10 0 39 0 0 0 00 00 
map update id 51 key 193 0 00 00 value 192 168 56 106 192 168 56 1 00 00 00 00 00 00 00 00 00 00 00 00 00 00 00 00 10 0 39 0 0 1 00 00 
map update id 51 key 194 0 00 00 value 192 168 56 106 192 168 56 1 00 00 00 00 00 00 00 00 00 00 00 00 00 00 00 00 10 0 39 0 0 0 00 00 
map update id 51 key 195 0 00 00 value 192 168 56 106 192 168 56 1 00 00 00 00 00 00 00 00 00 00 00 00 00 00 00 00 10 0 39 0 0 1 00 00 
map update id 51 key 196 0 00 00 value 192 168 56 106 192 168 56 1 00 00 00 00 00 00 00 00 00 00 00 00 00 00 00 00 10 0 39 0 0 0 00 00 
map update id 51 key 197 0 00 00 value 192 168 56 106 192 168 56 1 00 00 00 00 00 00 00 00 00 00 00 00 00 00 00 00 10 0 39 0 0 1 00 00 
map update id 51 key 198 0 00 00 value 192 168 56 106 192 168 56 1 00 00 00 00 00 00 00 00 00 00 00 00 00 00 00 00 10 0 39 0 0 0 00 00 
map update id 51 key 199 0 00 00 value 192 168 56 106 192 168 56 1 00 00 00 00 00 00 00 00 00 00 00 00 00 00 00 00 10 0 39 0 0 1 00 00 
map update id 51 key 200 0 00 00 value 192 168 56 106 192 168 56 1 00 00 00 00 00 00 00 00 00 00 00 00 00 00 00 00 10 0 39 0 0 0 00 00 
map update id 51 key 201 0 00 00 value 192 168 56 106 192 168 56 1 00 00 00 00 00 00 00 00 00 00 00 00 00 00 00 00 10 0 39 0 0 1 00 00 
map update id 51 key 202 0 00 00 value 192 168 56 106 192 168 56 1 00 00 00 00 00 00 00 00 00 00 00 00 00 00 00 00 10 0 39 0 0 0 00 00 
map update id 51 key 203 0 00 00 value 192 168 56 106 192 168 56 1 00 00 00 00 00 00 00 00 00 00 00 00 00 00 00 00 10 0 39 0 0 1 00 00 
map update id 51 key 204 0 00 00 value 192 168 56 106 192 168 56 1 00 00 00 00 00 00 00 00 00 00 00 00 00 00 00 00 10 0 39 0 0 0 00 00 
map update id 51 key 205 0 00 00 value 192 168 56 106 192 168 56 1 00 00 00 00 00 00 00 00 00 00 00 00 00 00 00 00 10 0 39 0 0 1 00 00 
map update id 51 key 206 0 00 00 value 192 168 56 106 192 168 56 1 00 00 00 00 00 00 00 00 00 00 00 00 00 00 00 00 10 0 39 0 0 0 00 00 
map update id 51 key 207 0 00 00 value 192 168 56 106 192 168 56 1 00 00 00 00 00 00 00 00 00 00 00 00 00 00 00 00 10 0 39 0 0 1 00 00 
map update id 51 key 208 0 00 00 value 192 168 56 106 192 168 56 1 00 00 00 00 00 00 00 00 00 00 00 00 00 00 00 00 10 0 39 0 0 0 00 00 
map update id 51 key 209 0 00 00 value 192 168 56 106 192 168 56 1 00 00 00 00 00 00 00 00 00 00 00 00 00 00 00 00 10 0 39 0 0 1 00 00 
map update id 51 key 210 0 00 00 value 192 168 56 106 192 168 56 1 00 00 00 00 00 00 00 00 00 00 00 00 00 00 00 00 10 0 39 0 0 0 00 00 
map update id 51 key 211 0 00 00 value 192 168 56 106 192 168 56 1 00 00 00 00 00 00 00 00 00 00 00 00 00 00 00 00 10 0 39 0 0 1 00 00 
map update id 51 key 212 0 00 00 value 192 168 56 106 192 168 56 1 00 00 00 00 00 00 00 00 00 00 00 00 00 00 00 00 10 0 39 0 0 0 00 00 
map update id 51 key 213 0 00 00 value 192 168 56 106 192 168 56 1 00 00 00 00 00 00 00 00 00 00 00 00 00 00 00 00 10 0 39 0 0 1 00 00 
map update id 51 key 214 0 00 00 value 192 168 56 106 192 168 56 1 00 00 00 00 00 00 00 00 00 00 00 00 00 00 00 00 10 0 39 0 0 0 00 00 
map update id 51 key 215 0 00 00 value 192 168 56 106 192 168 56 1 00 00 00 00 00 00 00 00 00 00 00 00 00 00 00 00 10 0 39 0 0 1 00 00 
map update id 51 key 216 0 00 00 value 192 168 56 106 192 168 56 1 00 00 00 00 00 00 00 00 00 00 00 00 00 00 00 00 10 0 39 0 0 0 00 00 
map update id 51 key 217 0 00 00 value 192 168 56 106 192 168 56 1 00 00 00 00 00 00 00 00 00 00 00 00 00 00 00 00 10 0 39 0 0 1 00 00 
map update id 51 key 218 0 00 00 value 192 168 56 106 192 168 56 1 00 00 00 00 00 00 00 00 00 00 00 00 00 00 00 00 10 0 39 0 0 0 00 00 
map update id 51 key 219 0 00 00 value 192 168 56 106 192 168 56 1 00 00 00 00 00 00 00 00 00 00 00 00 00 00 00 00 10 0 39 0 0 1 00 00 
map update id 51 key 220 0 00 00 value 192 168 56 106 192 168 56 1 00 00 00 00 00 00 00 00 00 00 00 00 00 00 00 00 10 0 39 0 0 0 00 00 
map update id 51 key 221 0 00 00 value 192 168 56 106 192 168 56 1 00 00 00 00 00 00 00 00 00 00 00 00 00 00 00 00 10 0 39 0 0 1 00 00 
map update id 51 key 222 0 00 00 value 192 168 56 106 192 168 56 1 00 00 00 00 00 00 00 00 00 00 00 00 00 00 00 00 10 0 39 0 0 0 00 00 
map update id 51 key 223 0 00 00 value 192 168 56 106 192 168 56 1 00 00 00 00 00 00 00 00 00 00 00 00 00 00 00 00 10 0 39 0 0 1 00 00 
map update id 51 key 224 0 00 00 value 192 168 56 106 192 168 56 1 00 00 00 00 00 00 00 00 00 00 00 00 00 00 00 00 10 0 39 0 0 0 00 00 
map update id 51 key 225 0 00 00 value 192 168 56 106 192 168 56 1 00 00 00 00 00 00 00 00 00 00 00 00 00 00 00 00 10 0 39 0 0 1 00 00 
map update id 51 key 226 0 00 00 value 192 168 56 106 192 168 56 1 00 00 00 00 00 00 00 00 00 00 00 00 00 00 00 00 10 0 39 0 0 0 00 00 
map update id 51 key 227 0 00 00 value 192 168 56 106 192 168 56 1 00 00 00 00 00 00 00 00 00 00 00 00 00 00 00 00 10 0 39 0 0 1 00 00 
map update id 51 key 228 0 00 00 value 192 168 56 106 192 168 56 1 00 00 00 00 00 00 00 00 00 00 00 00 00 00 00 00 10 0 39 0 0 0 00 00 
map update id 51 key 229 0 00 00 value 192 168 56 106 192 168 56 1 00 00 00 00 00 00 00 00 00 00 00 00 00 00 00 00 10 0 39 0 0 1 00 00 
map update id 51 key 230 0 00 00 value 192 168 56 106 192 168 56 1 00 00 00 00 00 00 00 00 00 00 00 00 00 00 00 00 10 0 39 0 0 0 00 00 
map update id 51 key 231 0 00 00 value 192 168 56 106 192 168 56 1 00 00 00 00 00 00 00 00 00 00 00 00 00 00 00 00 10 0 39 0 0 1 00 00 
map update id 51 key 232 0 00 00 value 192 168 56 106 192 168 56 1 00 00 00 00 00 00 00 00 00 00 00 00 00 00 00 00 10 0 39 0 0 0 00 00 
map update id 51 key 233 0 00 00 value 192 168 56 106 192 168 56 1 00 00 00 00 00 00 00 00 00 00 00 00 00 00 00 00 10 0 39 0 0 1 00 00 
map update id 51 key 234 0 00 00 value 192 168 56 106 192 168 56 1 00 00 00 00 00 00 00 00 00 00 00 00 00 00 00 00 10 0 39 0 0 0 00 00 
map update id 51 key 235 0 00 00 value 192 168 56 106 192 168 56 1 00 00 00 00 00 00 00 00 00 00 00 00 00 00 00 00 10 0 39 0 0 1 00 00 
map update id 51 key 236 0 00 00 value 192 168 56 106 192 168 56 1 00 00 00 00 00 00 00 00 00 00 00 00 00 00 00 00 10 0 39 0 0 0 00 00 
map update id 51 key 237 0 00 00 value 192 168 56 106 192 168 56 1 00 00 00 00 00 00 00 00 00 00 00 00 00 00 00 00 10 0 39 0 0 1 00 00 
map update id 51 key 238 0 00 00 value 192 168 56 106 192 168 56 1 00 00 00 00 00 00 00 00 00 00 00 00 00 00 00 00 10 0 39 0 0 0 00 00 
map update id 51 key 239 0 00 00 value 192 168 56 106 192 168 56 1 00 00 00 00 00 00 00 00 00 00 00 00 00 00 00 00 10 0 39 0 0 1 00 00 
map update id 51 key 240 0 00 00 value 192 168 56 106 192 168 56 1 00 00 00 00 00 00 00 00 00 00 00 00 00 00 00 00 10 0 39 0 0 0 00 00 
map update id 51 key 241 0 00 00 value 192 168 56 106 192 168 56 1 00 00 00 00 00 00 00 00 00 00 00 00 00 00 00 00 10 0 39 0 0 1 00 00 
map update id 51 key 242 0 00 00 value 192 168 56 106 192 168 56 1 00 00 00 00 00 00 00 00 00 00 00 00 00 00 00 00 10 0 39 0 0 0 00 00 
map update id 51 key 243 0 00 00 value 192 168 56 106 192 168 56 1 00 00 00 00 00 00 00 00 00 00 00 00 00 00 00 00 10 0 39 0 0 1 00 00 
map update id 51 key 244 0 00 00 value 192 168 56 106 192 168 56 1 00 00 00 00 00 00 00 00 00 00 00 00 00 00 00 00 10 0 39 0 0 0 00 00 
map update id 51 key 245 0 00 00 value 192 168 56 106 192 168 56 1 00 00 00 00 00 00 00 00 00 00 00 00 00 00 00 00 10 0 39 0 0 1 00 00 
map update id 51 key 246 0 00 00 value 192 168 56 106 192 168 56 1 00 00 00 00 00 00 00 00 00 00 00 00 00 00 00 00 10 0 39 0 0 0 00 00 
map update id 51 key 247 0 00 00 value 192 168 56 106 192 168 56 1 00 00 00 00 00 00 00 00 00 00 00 00 00 00 00 00 10 0 39 0 0 1 00 00 
map update id 51 key 248 0 00 00 value 192 168 56 106 192 168 56 1 00 00 00 00 00 00 00 00 00 00 00 00 00 00 00 00 10 0 39 0 0 0 00 00 
map update id 51 key 249 0 00 00 value 192 168 56 106 192 168 56 1 00 00 00 00 00 00 00 00 00 00 00 00 00 00 00 00 10 0 39 0 0 1 00 00 
map update id 51 key 250 0 00 00 value 192 168 56 106 192 168 56 1 00 00 00 00 00 00 00 00 00 00 00 00 00 00 00 00 10 0 39 0 0 0 00 00 
map update id 51 key 251 0 00 00 value 192 168 56 106 192 168 56 1 00 00 00 00 00 00 00 00 00 00 00 00 00 00 00 00 10 0 39 0 0 1 00 00 
map update id 51 key 252 0 00 00 value 192 168 56 106 192 168 56 1 00 00 00 00 00 00 00 00 00 00 00 00 00 00 00 00 10 0 39 0 0 0 00 00 
map update id 51 key 253 0 00 00 value 192 168 56 106 192 168 56 1 00 00 00 00 00 00 00 00 00 00 00 00 00 00 00 00 10 0 39 0 0 1 00 00 
map update id 51 key 254 0 00 00 value 192 168 56 106 192 168 56 1 00 00 00 00 00 00 00 00 00 00 00 00 00 00 00 00 10 0 39 0 0 0 00 00 
map update id 51 key 255 0 00 00 value 192 168 56 106 192 168 56 1 00 00 00 00 00 00 00 00 00 00 00 00 00 00 00 00 10 0 39 0 0 1 00 00 
